#total items: 72
item ID, weight, frequency
0, 92, 21
1, 1529, 22
2, 2220, 15
3, 271, 19
4, 1504, 30
5, 2733, 30
6, 2587, 6
7, 227, 7
8, 498, 4
9, 1847, 10
10, 1815, 28
11, 1307, 24
12, 341, 10
13, 1709, 6
14, 2866, 30
15, 541, 7
16, 2070, 28
17, 1764, 17
18, 1997, 2
19, 314, 18
20, 568, 17
21, 302, 21
22, 789, 25
23, 2404, 12
24, 740, 23
25, 1785, 8
26, 2012, 23
27, 2650, 2
28, 930, 13
29, 1098, 3
30, 2422, 30
31, 2125, 16
32, 68, 26
33, 2095, 30
34, 568, 10
35, 583, 16
36, 363, 8
37, 1306, 16
38, 653, 27
39, 1863, 21
40, 957, 4
41, 1318, 13
42, 173, 17
43, 277, 9
44, 2316, 1
45, 783, 21
46, 1755, 20
47, 435, 15
48, 2230, 4
49, 1287, 2
50, 2691, 20
51, 1677, 19
52, 2199, 15
53, 1088, 19
54, 2032, 8
55, 2710, 8
56, 2044, 21
57, 1933, 1
58, 1394, 17
59, 1212, 9
60, 2023, 19
61, 435, 29
62, 2098, 12
63, 414, 17
64, 1445, 30
65, 2441, 10
66, 1863, 14
67, 468, 22
68, 796, 11
69, 2482, 6
70, 2085, 28
71, 2337, 6

#products: 8
product 0:
production rate: 1
#items: 41
item order:
32
0
42
7
3
21
12
36
61
8
15
20
34
38
24
22
68
40
53
29
11
4
1
51
13
46
17
25
10
9
57
18
16
2
48
44
30
6
27
5
14

product 1:
production rate: 44
#items: 41
item order:
32
0
42
7
3
21
19
12
36
61
8
15
34
20
38
24
40
29
11
4
1
51
13
46
17
10
9
57
26
54
16
2
48
44
23
30
69
6
27
5
14

product 2:
production rate: 1
#items: 41
item order:
32
0
42
7
3
21
19
12
36
8
15
20
34
38
24
40
29
49
11
58
4
1
51
13
46
17
10
9
26
54
16
70
62
31
2
44
23
6
27
5
14

product 3:
production rate: 1
#items: 41
item order:
32
0
42
7
3
19
12
36
63
8
15
20
34
38
24
22
28
40
29
49
11
58
4
1
13
46
10
9
18
26
54
16
31
52
2
44
71
23
6
5
14

product 4:
production rate: 1
#items: 40
item order:
0
7
3
43
19
12
47
8
15
20
35
45
22
28
29
59
49
37
11
41
64
4
1
13
25
10
9
39
18
26
16
33
31
52
2
23
6
55
5
14

product 5:
production rate: 50
#items: 40
item order:
0
7
3
43
21
19
12
47
8
15
35
45
22
28
59
37
11
41
4
1
13
17
25
10
9
39
18
26
33
31
52
2
23
30
65
6
50
55
5
14

product 6:
production rate: 1
#items: 40
item order:
0
7
3
43
21
19
12
47
8
35
45
22
28
53
37
11
41
4
1
13
17
25
10
9
39
66
18
60
56
16
33
31
2
23
30
6
27
50
5
14

product 7:
production rate: 1
#items: 40
item order:
32
0
7
3
43
21
12
67
8
15
20
35
24
45
22
28
53
37
11
41
4
1
13
17
25
10
9
39
18
60
56
16
33
2
48
30
6
27
50
5

