#total items: 194
item ID, weight, frequency
0, 2316, 1
1, 2988, 27
2, 1744, 22
3, 1660, 10
4, 2847, 22
5, 2349, 12
6, 1922, 6
7, 2859, 26
8, 1144, 22
9, 314, 18
10, 1755, 20
11, 1814, 19
12, 1661, 4
13, 2645, 1
14, 1394, 17
15, 2505, 14
16, 2622, 8
17, 1994, 26
18, 962, 15
19, 203, 27
20, 2945, 23
21, 1327, 10
22, 2580, 5
23, 820, 17
24, 271, 19
25, 1709, 6
26, 1529, 22
27, 1504, 30
28, 2710, 8
29, 1088, 19
30, 1445, 30
31, 341, 10
32, 1433, 12
33, 2444, 14
34, 796, 11
35, 1997, 2
36, 2377, 13
37, 1445, 7
38, 1063, 15
39, 937, 8
40, 1525, 21
41, 783, 21
42, 985, 29
43, 293, 13
44, 1543, 15
45, 662, 1
46, 1847, 10
47, 2223, 20
48, 1623, 19
49, 773, 6
50, 641, 3
51, 274, 27
52, 2861, 23
53, 670, 3
54, 1207, 22
55, 276, 18
56, 905, 29
57, 1321, 27
58, 777, 5
59, 1035, 5
60, 765, 9
61, 2325, 4
62, 2125, 5
63, 2230, 4
64, 1677, 19
65, 277, 9
66, 2085, 28
67, 435, 15
68, 2012, 23
69, 173, 17
70, 363, 8
71, 2044, 21
72, 2356, 5
73, 30, 8
74, 2236, 14
75, 227, 7
76, 2607, 11
77, 2404, 12
78, 1933, 1
79, 312, 11
80, 2673, 21
81, 2423, 30
82, 68, 26
83, 1764, 17
84, 568, 10
85, 2722, 15
86, 1306, 16
87, 283, 9
88, 453, 30
89, 1349, 23
90, 1863, 21
91, 2860, 17
92, 468, 22
93, 2619, 26
94, 1318, 13
95, 194, 11
96, 498, 4
97, 2866, 30
98, 1287, 2
99, 2095, 30
100, 1307, 24
101, 1899, 24
102, 653, 27
103, 2797, 24
104, 1941, 18
105, 2482, 6
106, 2098, 12
107, 900, 17
108, 583, 16
109, 2446, 7
110, 819, 9
111, 438, 29
112, 1322, 26
113, 2587, 6
114, 2085, 1
115, 1921, 5
116, 2469, 12
117, 601, 7
118, 2337, 21
119, 2199, 15
120, 888, 3
121, 200, 12
122, 2441, 10
123, 2714, 13
124, 414, 17
125, 1882, 11
126, 1128, 21
127, 1785, 8
128, 1934, 15
129, 2925, 28
130, 302, 21
131, 370, 28
132, 300, 4
133, 1863, 14
134, 1995, 5
135, 2733, 30
136, 1471, 24
137, 1614, 9
138, 2691, 20
139, 2709, 17
140, 2747, 9
141, 341, 23
142, 568, 17
143, 1380, 30
144, 2851, 26
145, 2220, 15
146, 626, 16
147, 1299, 21
148, 2032, 8
149, 631, 15
150, 2023, 19
151, 733, 26
152, 2820, 20
153, 210, 22
154, 1940, 2
155, 343, 18
156, 1129, 19
157, 1815, 28
158, 740, 23
159, 2198, 28
160, 228, 26
161, 1606, 2
162, 2125, 16
163, 842, 21
164, 2337, 6
165, 435, 29
166, 927, 27
167, 1506, 30
168, 475, 2
169, 1191, 26
170, 2955, 17
171, 2974, 12
172, 957, 4
173, 1098, 3
174, 789, 25
175, 541, 7
176, 2929, 10
177, 2650, 2
178, 1491, 30
179, 918, 7
180, 1212, 9
181, 1960, 4
182, 2706, 19
183, 2422, 30
184, 2180, 19
185, 92, 21
186, 1091, 15
187, 2380, 11
188, 2879, 6
189, 2070, 28
190, 930, 13
191, 1380, 29
192, 2397, 2
193, 523, 6

#products: 8
product 0:
production rate: 1
#items: 110
item order:
73
82
185
95
121
19
24
51
55
87
43
132
79
9
31
155
70
124
67
92
193
84
108
50
102
45
151
60
58
41
34
110
23
163
56
39
18
42
59
38
29
8
54
98
147
100
112
21
89
143
14
32
37
30
27
167
40
26
137
48
3
12
64
25
2
10
127
11
46
90
6
104
17
35
68
71
66
114
106
62
159
119
47
63
74
0
5
77
81
33
116
15
22
76
93
16
13
177
28
85
135
140
4
7
52
97
129
20
171
1

product 1:
production rate: 18
#items: 109
item order:
73
82
95
19
24
51
55
87
132
130
79
9
31
155
70
124
67
92
84
108
50
102
45
151
60
58
41
34
110
23
163
56
39
18
42
59
38
29
186
8
54
98
147
86
100
94
112
21
89
143
14
32
37
30
178
27
167
40
26
44
48
3
12
64
25
2
10
127
11
46
90
6
78
104
17
68
71
66
114
106
62
159
119
47
63
74
0
5
36
81
122
33
116
15
22
76
16
13
138
28
135
140
4
7
52
97
20
171
1

product 2:
production rate: 15
#items: 109
item order:
73
69
95
19
75
160
24
51
55
65
87
43
130
79
9
31
141
70
67
92
168
84
108
117
50
102
45
53
49
58
41
110
23
179
39
172
18
59
38
29
156
8
54
86
100
94
57
112
21
89
14
32
37
30
27
40
26
44
3
12
25
2
10
83
127
11
46
133
125
6
78
104
17
35
148
71
114
66
99
106
62
119
47
63
0
61
164
5
36
187
81
122
33
15
22
76
16
13
138
28
135
152
4
144
7
91
97
20
1

product 3:
production rate: 25
#items: 109
item order:
73
69
19
75
160
24
51
55
65
43
130
9
31
141
70
67
88
92
168
96
84
108
117
50
102
45
53
49
58
34
110
23
120
39
172
18
42
59
38
29
156
8
54
180
86
100
94
57
112
21
89
14
32
30
37
136
27
40
26
44
3
12
25
2
10
83
11
46
133
125
6
78
128
104
17
35
148
114
66
99
106
62
47
63
0
61
164
5
72
36
81
122
15
22
76
16
13
80
138
28
152
4
144
7
91
97
188
20
1

product 4:
production rate: 1
#items: 109
item order:
73
69
19
153
75
24
65
43
9
141
31
70
131
165
111
88
96
117
149
50
45
53
60
49
58
41
34
23
120
107
56
39
18
42
38
29
173
8
169
54
86
94
57
21
89
14
37
30
136
27
26
44
161
48
3
12
64
25
2
10
83
11
157
46
133
125
101
115
6
78
128
181
17
35
68
189
66
99
62
145
0
61
5
72
36
77
81
33
109
105
15
22
113
93
16
13
80
139
28
123
85
103
4
7
91
52
97
20
1

product 5:
production rate: 38
#items: 109
item order:
82
69
19
153
75
24
65
43
9
70
131
165
111
88
96
142
149
50
45
53
60
49
58
41
174
34
23
120
107
56
190
18
42
38
29
126
8
169
54
98
86
94
57
21
14
32
37
30
136
27
40
26
44
161
48
3
12
64
25
2
10
83
11
157
46
90
101
115
6
78
128
17
134
35
68
66
99
62
145
74
0
61
118
5
72
36
77
33
109
105
15
22
113
93
16
13
80
182
139
28
123
85
103
4
7
91
52
20
1

product 6:
production rate: 1
#items: 109
item order:
82
69
95
121
19
75
24
51
55
65
87
43
79
9
31
131
67
111
88
96
175
142
146
45
53
158
60
49
41
34
23
107
56
166
39
18
42
59
29
126
8
98
57
21
191
14
32
37
27
40
26
44
137
48
3
12
64
25
2
10
83
11
90
101
115
6
154
17
134
35
68
150
71
99
162
47
63
74
0
61
118
5
72
36
77
183
33
109
105
15
22
113
93
16
13
80
139
28
123
85
103
4
7
91
52
129
20
170
1

product 7:
production rate: 1
#items: 109
item order:
82
69
95
121
19
24
51
55
65
87
43
132
79
9
31
124
67
111
88
92
96
84
142
146
53
158
60
49
41
34
23
107
56
166
39
18
42
59
38
126
8
98
100
57
21
14
32
30
27
40
26
44
137
48
3
12
64
25
2
10
11
46
90
101
6
154
17
134
35
68
150
71
162
184
47
63
74
0
61
118
5
72
36
192
77
33
109
116
105
15
22
113
76
93
16
13
80
28
85
140
103
4
7
52
129
176
20
170
1

