#total items: 129
item ID, weight, frequency
0, 227, 7
1, 341, 23
2, 2482, 6
3, 930, 13
4, 1847, 10
5, 1863, 21
6, 670, 3
7, 2316, 1
8, 2709, 17
9, 283, 9
10, 1709, 6
11, 568, 17
12, 314, 18
13, 2198, 28
14, 1380, 29
15, 2337, 6
16, 341, 10
17, 277, 9
18, 302, 21
19, 2444, 14
20, 276, 18
21, 2929, 10
22, 2866, 30
23, 1035, 5
24, 2691, 20
25, 2422, 30
26, 1863, 14
27, 1321, 27
28, 1445, 30
29, 1606, 2
30, 765, 9
31, 1755, 20
32, 2230, 4
33, 363, 8
34, 2607, 11
35, 300, 4
36, 1997, 2
37, 1306, 16
38, 414, 17
39, 2023, 19
40, 2747, 9
41, 68, 26
42, 777, 5
43, 2032, 8
44, 2125, 5
45, 2988, 27
46, 173, 17
47, 1529, 22
48, 1744, 22
49, 842, 21
50, 271, 19
51, 1212, 9
52, 523, 6
53, 1815, 28
54, 2650, 2
55, 2044, 21
56, 583, 16
57, 957, 4
58, 2085, 28
59, 2349, 12
60, 1785, 8
61, 796, 11
62, 435, 29
63, 370, 28
64, 2095, 30
65, 1543, 15
66, 1933, 1
67, 1471, 24
68, 918, 7
69, 1491, 30
70, 2356, 5
71, 475, 2
72, 1445, 7
73, 905, 29
74, 2199, 15
75, 2404, 12
76, 783, 21
77, 2070, 28
78, 1677, 19
79, 468, 22
80, 2710, 8
81, 1287, 2
82, 1307, 24
83, 92, 21
84, 568, 10
85, 2220, 15
86, 2733, 30
87, 2619, 26
88, 2955, 17
89, 1144, 22
90, 2325, 4
91, 740, 23
92, 653, 27
93, 2012, 23
94, 2125, 16
95, 2860, 17
96, 435, 15
97, 2879, 6
98, 30, 8
99, 2236, 14
100, 2645, 1
101, 1623, 19
102, 773, 6
103, 438, 29
104, 498, 4
105, 819, 9
106, 1504, 30
107, 194, 11
108, 1433, 12
109, 662, 1
110, 1394, 17
111, 1098, 3
112, 1614, 9
113, 2098, 12
114, 2441, 10
115, 1764, 17
116, 541, 7
117, 312, 11
118, 2587, 6
119, 228, 26
120, 2797, 24
121, 2847, 22
122, 1922, 6
123, 2859, 26
124, 789, 25
125, 1088, 19
126, 1506, 30
127, 1318, 13
128, 1129, 19

#products: 8
product 0:
production rate: 1
#items: 73
item order:
41
46
0
20
17
9
18
117
12
1
16
33
63
38
62
104
52
84
11
92
6
30
76
49
68
3
57
23
125
89
51
37
82
14
108
72
28
67
47
65
29
112
78
10
60
4
5
26
36
43
55
44
94
13
74
32
7
15
59
70
25
2
34
100
54
24
8
80
86
40
22
97
21

product 1:
production rate: 6
#items: 73
item order:
41
83
46
0
20
17
9
12
1
16
33
38
62
79
71
104
52
11
56
92
6
30
49
73
3
57
23
89
51
81
37
27
14
108
28
67
69
126
65
29
112
10
48
60
4
5
36
43
77
64
44
13
85
32
7
15
59
75
25
19
2
118
34
87
100
54
24
8
40
95
22
97
21

product 2:
production rate: 1
#items: 73
item order:
98
41
83
46
0
119
20
9
35
18
12
16
1
33
62
79
71
11
56
92
109
6
61
105
49
73
3
57
23
51
81
37
127
27
14
28
67
69
65
29
101
10
48
31
53
4
5
26
36
39
43
77
64
113
13
85
32
7
90
15
59
75
19
2
87
54
24
8
40
95
22
21
45

product 3:
production rate: 5
#items: 73
item order:
98
83
46
0
50
20
17
9
35
18
12
1
33
62
79
71
11
56
109
6
42
61
105
73
3
23
128
51
81
37
27
14
28
67
69
29
101
10
48
31
53
4
26
5
66
36
93
39
43
77
58
64
113
13
85
32
7
90
15
59
75
25
19
2
87
54
8
40
120
95
22
21
45

product 4:
production rate: 1
#items: 72
item order:
98
83
0
50
20
17
9
35
18
12
16
1
63
38
96
79
71
11
56
6
30
102
42
61
73
3
51
81
27
14
110
28
67
69
106
47
10
48
31
53
4
5
26
66
36
93
39
43
55
77
58
64
13
85
32
7
90
59
75
25
114
19
2
34
24
8
40
121
22
21
88
45

product 5:
production rate: 84
#items: 72
item order:
0
50
20
17
9
35
18
12
1
16
63
38
96
52
84
11
56
6
91
30
102
42
76
61
68
3
23
82
27
110
72
28
106
47
78
10
48
31
60
53
4
5
26
122
66
36
93
39
55
58
64
44
13
74
32
99
7
15
70
25
114
19
2
34
24
8
80
86
40
21
88
45

product 6:
production rate: 1
#items: 72
item order:
41
107
0
50
20
17
9
35
18
12
16
1
33
63
38
96
103
52
84
11
6
91
30
42
76
61
49
68
3
57
23
111
37
82
27
14
72
47
65
29
78
10
31
115
60
53
4
26
5
66
39
55
58
44
94
74
99
7
15
70
25
19
2
34
24
8
80
86
123
22
88
45

product 7:
production rate: 1
#items: 72
item order:
41
46
107
0
50
17
9
35
18
16
1
33
63
38
62
103
52
116
84
11
6
91
30
42
76
124
49
68
3
57
23
111
89
37
82
27
14
72
47
65
29
78
10
31
60
4
26
5
66
39
55
58
44
94
13
74
99
7
15
70
25
19
2
34
54
24
8
80
86
22
97
21

