#total items: 315
item ID, weight, frequency
0, 82, 10
1, 691, 17
2, 2619, 26
3, 239, 12
4, 2683, 21
5, 1744, 22
6, 2587, 6
7, 2044, 21
8, 2125, 16
9, 2946, 4
10, 568, 17
11, 2866, 30
12, 988, 29
13, 178, 11
14, 2337, 21
15, 2622, 8
16, 1814, 19
17, 1899, 24
18, 985, 29
19, 820, 17
20, 1843, 19
21, 1491, 30
22, 918, 7
23, 2607, 11
24, 2469, 12
25, 153, 17
26, 2158, 10
27, 2422, 30
28, 2230, 4
29, 92, 21
30, 570, 14
31, 414, 17
32, 2058, 16
33, 1660, 10
34, 888, 3
35, 2262, 13
36, 842, 21
37, 1529, 22
38, 1995, 5
39, 1307, 24
40, 648, 11
41, 343, 18
42, 158, 2
43, 1207, 22
44, 2580, 5
45, 1934, 15
46, 1882, 11
47, 300, 4
48, 341, 23
49, 2380, 11
50, 453, 30
51, 1321, 27
52, 568, 10
53, 1160, 12
54, 522, 18
55, 2286, 20
56, 1129, 19
57, 795, 28
58, 2538, 21
59, 2040, 3
60, 1700, 14
61, 1098, 3
62, 435, 29
63, 2095, 30
64, 302, 21
65, 621, 4
66, 1318, 13
67, 277, 9
68, 1815, 28
69, 1026, 19
70, 227, 7
71, 957, 4
72, 1933, 1
73, 2441, 10
74, 1611, 20
75, 670, 3
76, 1506, 30
77, 789, 25
78, 173, 17
79, 1075, 24
80, 930, 13
81, 1536, 15
82, 1525, 21
83, 2325, 4
84, 1785, 2
85, 501, 12
86, 1299, 21
87, 626, 16
88, 2206, 20
89, 641, 3
90, 1304, 14
91, 369, 10
92, 1874, 9
93, 1568, 7
94, 1754, 9
95, 2397, 2
96, 1921, 5
97, 583, 16
98, 1661, 4
99, 99, 6
100, 905, 29
101, 796, 11
102, 468, 22
103, 361, 28
104, 475, 2
105, 2174, 8
106, 52, 1
107, 190, 15
108, 2847, 22
109, 1287, 2
110, 1380, 30
111, 917, 3
112, 1380, 29
113, 55, 21
114, 1344, 26
115, 2413, 10
116, 777, 5
117, 2236, 14
118, 30, 8
119, 1677, 19
120, 1432, 23
121, 1764, 17
122, 2945, 23
123, 2377, 13
124, 2861, 23
125, 2650, 2
126, 1191, 26
127, 2851, 26
128, 1940, 2
129, 363, 8
130, 2125, 5
131, 2997, 28
132, 2947, 11
133, 2830, 11
134, 1614, 9
135, 1144, 22
136, 2293, 6
137, 2220, 15
138, 1863, 21
139, 1850, 18
140, 314, 18
141, 607, 11
142, 2313, 17
143, 2771, 5
144, 1857, 28
145, 2356, 5
146, 2955, 17
147, 437, 1
148, 523, 6
149, 312, 11
150, 1606, 2
151, 783, 21
152, 210, 22
153, 2858, 8
154, 513, 21
155, 1254, 23
156, 472, 10
157, 1687, 16
158, 232, 2
159, 1976, 9
160, 1327, 10
161, 557, 3
162, 1216, 28
163, 203, 27
164, 1429, 4
165, 1029, 8
166, 2206, 9
167, 1579, 20
168, 2494, 19
169, 304, 14
170, 678, 25
171, 662, 1
172, 2085, 1
173, 2709, 17
174, 1088, 19
175, 2337, 6
176, 435, 15
177, 2446, 7
178, 2098, 12
179, 341, 10
180, 2974, 12
181, 765, 9
182, 271, 19
183, 2988, 27
184, 1063, 15
185, 900, 17
186, 293, 13
187, 2722, 15
188, 2012, 23
189, 370, 28
190, 631, 15
191, 2349, 12
192, 1863, 14
193, 2714, 13
194, 2929, 10
195, 2747, 9
196, 276, 18
197, 2645, 1
198, 2316, 1
199, 194, 11
200, 1024, 12
201, 773, 6
202, 1433, 12
203, 744, 25
204, 2444, 14
205, 228, 26
206, 2860, 17
207, 2758, 5
208, 1306, 16
209, 2339, 17
210, 2874, 18
211, 623, 5
212, 541, 7
213, 2691, 20
214, 1293, 2
215, 1212, 9
216, 1504, 30
217, 1632, 14
218, 2525, 18
219, 101, 7
220, 2710, 8
221, 1356, 12
222, 740, 23
223, 2215, 26
224, 1445, 30
225, 937, 8
226, 364, 18
227, 2250, 11
228, 962, 15
229, 2180, 19
230, 1994, 26
231, 283, 9
232, 2873, 19
233, 1891, 25
234, 200, 12
235, 529, 20
236, 927, 27
237, 1789, 18
238, 1960, 4
239, 2706, 19
240, 1128, 21
241, 51, 9
242, 1623, 19
243, 2223, 20
244, 2415, 22
245, 1709, 6
246, 2032, 8
247, 2423, 30
248, 2733, 30
249, 2948, 2
250, 2482, 6
251, 575, 12
252, 1847, 10
253, 2101, 20
254, 2085, 28
255, 1322, 26
256, 1755, 20
257, 68, 26
258, 653, 27
259, 1785, 8
260, 1418, 20
261, 2461, 15
262, 1035, 5
263, 501, 7
264, 2191, 16
265, 1340, 3
266, 1368, 29
267, 2879, 6
268, 2542, 10
269, 50, 25
270, 648, 19
271, 819, 9
272, 2859, 26
273, 727, 25
274, 1543, 15
275, 615, 9
276, 2797, 24
277, 1394, 17
278, 2820, 20
279, 2199, 15
280, 1271, 20
281, 733, 26
282, 1941, 18
283, 2673, 21
284, 2198, 28
285, 1082, 17
286, 232, 10
287, 1517, 23
288, 2683, 21
289, 2070, 28
290, 2023, 19
291, 1471, 24
292, 505, 30
293, 1091, 15
294, 1922, 6
295, 2925, 28
296, 2404, 12
297, 1827, 3
298, 601, 7
299, 37, 19
300, 134, 9
301, 2313, 17
302, 498, 4
303, 2959, 19
304, 274, 27
305, 608, 19
306, 1950, 10
307, 1997, 2
308, 2619, 29
309, 2290, 14
310, 1445, 7
311, 2505, 14
312, 1218, 19
313, 1349, 23
314, 438, 29

#products: 8
product 0:
production rate: 1
#items: 178
item order:
118
241
106
0
29
99
25
42
78
13
107
152
70
158
3
182
196
67
186
47
149
41
103
91
31
176
62
147
314
50
102
156
104
263
154
54
212
52
10
30
251
298
141
275
65
87
190
75
170
1
222
201
116
151
57
271
19
36
34
100
111
22
236
80
225
71
228
18
12
69
184
79
174
61
135
53
43
162
214
86
90
39
66
51
255
160
114
110
112
164
120
21
76
82
37
74
217
33
98
119
60
5
94
84
259
16
68
20
139
144
138
192
92
46
233
17
96
45
128
282
306
238
230
38
188
290
59
7
32
172
63
178
8
130
26
166
88
28
35
55
136
198
83
14
209
123
49
95
115
244
27
247
73
204
24
168
58
44
6
23
2
15
125
4
220
143
133
108
127
206
11
267
194
122
9
146
180
131

product 1:
production rate: 28
#items: 177
item order:
118
299
241
106
0
29
99
25
42
78
13
107
199
163
70
3
67
231
64
169
149
140
48
179
41
103
91
189
31
62
50
102
104
54
148
212
161
52
10
30
141
65
87
40
171
75
1
181
201
116
151
57
19
36
34
185
100
111
22
236
80
225
228
18
12
69
165
79
61
56
135
53
43
215
155
86
90
66
51
114
112
110
260
120
291
21
76
82
37
167
74
217
33
98
119
157
60
5
94
256
84
16
68
20
252
144
138
92
46
233
17
96
72
45
128
159
38
307
59
7
32
8
130
26
264
88
223
28
35
136
83
14
175
209
191
49
95
115
244
27
73
204
177
24
58
268
44
6
23
2
15
197
125
283
4
239
173
220
193
187
248
195
207
143
276
133
108
127
153
272
124
11
122
9
132
146
183

product 2:
production rate: 1
#items: 177
item order:
118
106
113
0
29
99
300
25
42
78
13
107
199
234
163
3
67
231
47
64
169
149
140
179
48
41
103
129
226
91
189
31
50
102
85
292
148
212
161
10
52
30
97
141
65
87
89
40
171
75
1
181
151
77
57
101
19
36
34
185
111
22
236
71
228
18
12
69
165
79
61
56
135
53
43
215
155
109
86
90
39
66
51
114
110
260
202
21
82
37
81
93
167
74
242
33
98
119
157
60
5
94
256
121
16
68
20
252
138
17
72
45
159
59
7
32
63
8
130
26
105
264
284
223
137
28
117
35
55
83
14
175
191
145
49
95
115
244
27
73
204
177
24
218
58
268
44
6
23
308
2
15
197
125
4
239
173
220
193
187
248
195
207
143
276
133
127
153
272
124
11
210
122
9
132
146
183

product 3:
production rate: 28
#items: 177
item order:
118
269
106
113
257
0
29
99
25
42
78
13
107
199
234
163
70
205
3
67
231
47
64
169
140
48
179
41
103
129
226
91
189
31
62
50
102
85
54
148
161
52
10
30
97
65
87
89
40
171
75
1
273
181
151
77
57
101
19
36
34
185
111
22
71
18
12
165
79
285
293
56
135
126
43
215
155
109
86
90
39
66
51
265
114
221
110
277
202
21
82
81
93
167
150
74
134
242
33
98
119
157
60
245
5
94
121
237
16
68
20
138
46
17
72
159
38
59
7
32
63
253
8
130
26
105
229
223
137
28
117
35
55
309
142
301
83
14
175
191
145
49
95
115
27
73
177
261
24
218
58
44
6
23
2
15
197
4
213
239
173
193
187
195
207
143
127
153
124
11
210
122
9
132
249
146
183

product 4:
production rate: 1
#items: 177
item order:
118
269
106
113
257
0
29
25
42
78
13
234
163
70
205
286
3
67
47
64
169
140
48
179
41
129
226
189
31
62
147
50
102
104
302
85
54
148
161
10
30
97
65
89
40
171
1
273
181
116
151
77
57
101
19
34
185
100
22
80
71
18
12
200
69
165
61
240
56
135
53
126
43
155
109
86
90
208
39
66
51
265
114
221
112
110
120
202
224
310
21
216
76
82
37
81
93
167
150
74
134
242
33
98
157
245
5
94
121
84
237
16
20
139
92
46
17
96
294
72
45
159
38
59
7
32
63
253
8
26
105
229
88
137
28
117
35
55
142
175
14
191
145
123
49
27
73
177
261
24
218
58
6
23
2
15
197
4
213
173
193
187
195
143
278
108
127
153
124
11
232
210
9
132
249
183
131

product 5:
production rate: 39
#items: 177
item order:
118
106
113
0
29
219
25
42
78
13
152
70
205
158
3
182
196
186
47
64
140
48
41
129
31
176
62
147
50
102
156
104
85
154
54
148
235
52
10
30
97
65
211
190
89
270
40
258
170
1
203
116
77
57
101
19
36
34
100
22
80
71
18
12
200
69
262
184
174
61
240
56
53
126
162
109
86
90
208
39
66
160
114
221
266
112
110
164
120
224
21
216
76
287
82
37
81
274
93
150
74
134
33
98
60
5
94
121
84
237
16
68
20
139
144
192
92
46
17
96
72
45
128
38
188
246
7
32
254
172
63
178
8
26
105
229
279
88
166
137
243
28
117
227
55
136
142
198
14
145
123
49
27
73
24
250
168
311
58
44
6
23
2
15
4
213
108
124
11
232
295
194
9
132
303
180
131

product 6:
production rate: 1
#items: 177
item order:
113
0
29
99
219
25
13
107
152
70
158
3
182
304
196
67
186
47
64
149
48
41
103
129
91
31
62
176
147
156
104
85
154
54
235
10
52
30
97
141
65
211
87
190
89
40
270
258
75
170
1
222
203
116
77
57
101
19
36
100
111
22
80
71
18
12
200
69
262
184
79
174
61
240
56
53
126
43
162
312
280
109
214
208
39
51
160
266
112
164
120
224
21
216
76
37
81
274
93
150
134
33
119
60
5
121
84
16
68
20
139
144
192
92
46
17
96
72
45
128
238
230
38
188
246
59
7
32
254
172
63
178
8
26
105
166
88
137
243
28
117
227
35
55
136
142
198
83
14
145
123
49
95
296
115
27
73
24
250
168
44
6
23
2
15
125
288
4
133
108
206
11
232
194
9
180
131

product 7:
production rate: 1
#items: 177
item order:
241
113
0
29
99
219
25
42
13
107
152
70
158
3
182
196
67
186
47
64
149
48
103
91
31
176
62
147
50
156
104
263
85
154
54
235
52
10
30
251
97
141
305
275
211
87
190
89
40
75
170
1
281
222
203
201
116
77
101
271
19
36
34
100
111
22
80
225
71
18
12
69
184
79
174
61
56
53
126
43
162
109
214
39
66
51
255
160
313
112
164
120
21
76
37
81
93
150
74
134
217
119
60
5
259
84
16
68
297
20
139
144
138
192
92
46
233
17
96
72
45
128
238
230
38
188
59
7
32
289
172
63
178
8
130
26
105
166
88
243
28
117
227
35
55
136
142
198
83
14
209
123
95
115
27
247
24
168
58
44
6
23
2
15
125
4
133
108
206
11
267
194
122
9
146
180
131

