#total items: 172
item ID, weight, frequency
0, 2098, 12
1, 2469, 12
2, 1815, 28
3, 2325, 4
4, 1307, 24
5, 1349, 23
6, 1997, 2
7, 1661, 4
8, 2356, 5
9, 2198, 28
10, 2747, 9
11, 341, 23
12, 2709, 17
13, 2955, 17
14, 1543, 15
15, 523, 6
16, 2847, 22
17, 2397, 2
18, 2820, 20
19, 228, 26
20, 631, 15
21, 293, 13
22, 2673, 21
23, 1863, 14
24, 302, 21
25, 2607, 11
26, 2349, 12
27, 1035, 5
28, 789, 25
29, 1921, 5
30, 2691, 20
31, 1960, 4
32, 1207, 22
33, 2859, 26
34, 2619, 26
35, 271, 19
36, 2085, 28
37, 930, 13
38, 1063, 15
39, 1433, 12
40, 341, 10
41, 1098, 3
42, 2710, 8
43, 2482, 6
44, 2125, 5
45, 842, 21
46, 453, 30
47, 2070, 28
48, 583, 16
49, 2125, 16
50, 343, 18
51, 900, 17
52, 927, 27
53, 888, 3
54, 937, 8
55, 1321, 27
56, 1445, 7
57, 2095, 30
58, 1606, 2
59, 2722, 15
60, 2044, 21
61, 1322, 26
62, 2423, 30
63, 276, 18
64, 2860, 17
65, 1128, 21
66, 1744, 22
67, 475, 2
68, 2645, 1
69, 1491, 30
70, 2974, 12
71, 300, 4
72, 2879, 6
73, 2925, 28
74, 1144, 22
75, 2236, 14
76, 1191, 26
77, 1882, 11
78, 1614, 9
79, 2444, 14
80, 653, 27
81, 1504, 30
82, 2199, 15
83, 1847, 10
84, 1306, 16
85, 435, 29
86, 1709, 6
87, 68, 26
88, 194, 11
89, 2866, 30
90, 2230, 4
91, 2404, 12
92, 1623, 19
93, 773, 6
94, 918, 7
95, 2422, 30
96, 1394, 17
97, 1764, 17
98, 2316, 1
99, 601, 7
100, 2337, 6
101, 1934, 15
102, 370, 28
103, 2929, 10
104, 1380, 29
105, 2706, 19
106, 1941, 18
107, 2587, 6
108, 1677, 19
109, 1933, 1
110, 277, 9
111, 2220, 15
112, 1091, 15
113, 1785, 8
114, 2446, 7
115, 1814, 19
116, 1863, 21
117, 1940, 2
118, 783, 21
119, 740, 23
120, 1287, 2
121, 498, 4
122, 173, 17
123, 1471, 24
124, 670, 3
125, 777, 5
126, 796, 11
127, 1212, 9
128, 905, 29
129, 2650, 2
130, 438, 29
131, 2085, 1
132, 2733, 30
133, 2023, 19
134, 1660, 10
135, 2337, 21
136, 1129, 19
137, 1922, 6
138, 2441, 10
139, 2714, 13
140, 2797, 24
141, 414, 17
142, 1088, 19
143, 283, 9
144, 314, 18
145, 985, 29
146, 662, 1
147, 568, 10
148, 765, 9
149, 1506, 30
150, 363, 8
151, 92, 21
152, 2380, 11
153, 30, 8
154, 541, 7
155, 2988, 27
156, 227, 7
157, 468, 22
158, 1755, 20
159, 312, 11
160, 2032, 8
161, 1445, 30
162, 1318, 13
163, 568, 17
164, 2377, 13
165, 200, 12
166, 2012, 23
167, 2180, 19
168, 819, 9
169, 435, 15
170, 957, 4
171, 1529, 22

#products: 8
product 0:
production rate: 1
#items: 97
item order:
87
19
35
63
21
71
24
144
11
40
102
85
15
48
20
148
125
28
45
53
51
128
94
52
37
27
112
41
65
136
74
76
32
120
84
4
55
61
5
104
96
39
56
123
69
81
14
92
7
66
158
115
2
23
77
29
109
117
31
6
166
60
47
36
57
0
49
44
9
82
90
98
3
100
26
8
152
17
79
1
43
107
25
34
68
22
12
59
132
10
140
18
16
33
89
73
13

product 1:
production rate: 0
#items: 97
item order:
87
19
35
63
110
21
71
24
159
144
40
11
102
15
48
20
148
118
28
126
45
53
51
128
94
52
27
38
112
41
65
136
74
76
32
120
84
4
55
5
104
96
39
56
123
81
14
78
92
7
86
66
115
2
23
31
6
60
47
36
57
0
44
49
167
9
82
90
98
3
100
26
8
152
17
62
79
1
43
107
25
34
68
22
30
12
59
132
10
140
18
16
33
89
73
13
70

product 2:
production rate: 24
#items: 97
item order:
153
87
19
35
63
110
21
71
24
11
40
50
141
46
67
121
15
48
99
20
93
118
126
168
51
52
37
54
145
27
38
65
76
32
84
4
55
5
39
56
123
81
149
14
58
78
7
86
97
113
115
2
83
23
29
137
101
31
6
133
160
60
47
0
44
9
75
3
26
8
17
91
95
62
79
1
43
107
25
34
68
129
22
30
105
12
42
59
10
18
16
33
89
73
103
13
70

product 3:
production rate: 26
#items: 97
item order:
153
88
19
110
21
24
40
11
50
141
169
46
67
121
15
48
99
20
80
124
93
118
28
126
51
52
37
54
145
38
65
76
32
84
4
55
5
39
161
56
81
149
14
58
78
7
108
86
97
113
2
83
23
116
29
137
101
31
6
133
60
47
36
0
44
9
75
3
26
8
17
91
95
62
1
43
25
34
68
129
22
30
105
12
42
59
10
18
16
33
64
89
72
73
103
13
70

product 4:
production rate: 1
#items: 97
item order:
88
19
35
21
24
11
50
150
85
130
46
67
121
15
154
99
20
80
146
124
119
93
28
45
53
51
37
54
170
27
38
142
41
65
32
127
4
162
55
61
5
39
69
81
14
58
78
134
7
108
86
97
113
2
83
23
116
77
29
101
31
6
47
36
57
0
49
9
111
75
3
8
17
91
95
62
138
1
43
25
22
30
105
12
42
59
10
18
16
33
64
89
72
73
103
13
70

product 5:
production rate: 46
#items: 97
item order:
122
88
19
35
21
24
11
50
150
85
130
46
67
15
163
99
20
80
146
124
119
93
28
45
53
51
37
54
27
38
142
41
74
32
127
4
55
61
5
39
69
171
14
58
78
134
7
108
86
66
97
2
83
23
116
77
29
101
106
31
6
47
36
57
0
49
9
82
111
90
75
3
26
8
17
91
95
62
138
114
1
43
34
22
30
12
42
59
10
18
16
64
72
103
13
70
155

product 6:
production rate: 1
#items: 96
item order:
87
151
122
88
156
19
35
63
143
21
71
40
11
50
102
85
46
67
15
147
48
20
80
119
125
28
45
53
94
52
37
54
27
38
41
74
127
4
61
5
104
96
56
69
14
58
92
7
66
2
83
23
77
29
109
117
106
31
6
60
131
36
57
0
49
44
9
82
111
90
75
98
3
100
135
26
8
164
17
79
114
1
25
34
22
30
12
42
139
10
18
16
33
64
72
13

product 7:
production rate: 1
#items: 96
item order:
87
151
122
88
165
19
35
63
143
21
71
24
40
11
50
102
85
46
157
15
147
48
20
80
125
28
45
53
128
94
52
37
54
27
38
112
41
74
76
32
120
84
4
61
5
104
96
56
69
14
58
92
7
66
2
77
29
109
117
106
6
60
36
131
57
0
49
44
9
82
90
98
3
100
135
26
8
17
79
114
1
25
34
68
22
30
12
42
139
10
18
16
33
64
72
13

