#total items: 115
item ID, weight, frequency
0, 468, 22
1, 302, 21
2, 68, 26
3, 2404, 12
4, 2032, 8
5, 475, 2
6, 1614, 9
7, 2797, 24
8, 438, 29
9, 173, 17
10, 314, 18
11, 1035, 5
12, 2988, 27
13, 2607, 11
14, 2691, 20
15, 2098, 12
16, 2441, 10
17, 2095, 30
18, 277, 9
19, 2220, 15
20, 2325, 4
21, 2645, 1
22, 2230, 4
23, 2356, 5
24, 1863, 14
25, 2023, 19
26, 1471, 24
27, 227, 7
28, 1394, 17
29, 1504, 30
30, 2866, 30
31, 1744, 22
32, 1755, 20
33, 1098, 3
34, 1847, 10
35, 1287, 2
36, 2587, 6
37, 670, 3
38, 1445, 30
39, 568, 17
40, 2710, 8
41, 1491, 30
42, 2860, 17
43, 1506, 30
44, 2650, 2
45, 2444, 14
46, 1144, 22
47, 1764, 17
48, 271, 19
49, 2955, 17
50, 1922, 6
51, 2847, 22
52, 2619, 26
53, 435, 15
54, 789, 25
55, 2316, 1
56, 2337, 6
57, 1863, 21
58, 1815, 28
59, 796, 11
60, 783, 21
61, 653, 27
62, 1318, 13
63, 1380, 29
64, 2044, 21
65, 435, 29
66, 276, 18
67, 2125, 5
68, 363, 8
69, 819, 9
70, 2236, 14
71, 2929, 10
72, 2733, 30
73, 1933, 1
74, 541, 7
75, 1709, 6
76, 1088, 19
77, 930, 13
78, 1306, 16
79, 2198, 28
80, 2012, 23
81, 92, 21
82, 414, 17
83, 1129, 19
84, 194, 11
85, 2482, 6
86, 341, 10
87, 740, 23
88, 2085, 28
89, 498, 4
90, 1212, 9
91, 957, 4
92, 777, 5
93, 773, 6
94, 2422, 30
95, 1677, 19
96, 2859, 26
97, 1433, 12
98, 228, 26
99, 765, 9
100, 2070, 28
101, 2199, 15
102, 1543, 15
103, 1785, 8
104, 842, 21
105, 583, 16
106, 30, 8
107, 1997, 2
108, 2125, 16
109, 1529, 22
110, 370, 28
111, 918, 7
112, 1307, 24
113, 568, 10
114, 905, 29

#products: 8
product 0:
production rate: 1
#items: 65
item order:
2
9
84
27
48
66
18
1
10
68
110
82
53
8
0
5
74
61
37
87
93
54
59
11
76
46
90
35
62
28
97
38
26
41
43
102
6
31
32
34
57
24
4
64
15
79
19
22
70
20
56
23
3
16
45
13
21
14
40
72
7
51
30
49
12

product 1:
production rate: 85
#items: 65
item order:
2
9
27
98
48
18
1
10
82
53
65
8
0
5
61
37
87
54
59
69
111
77
11
33
46
90
35
63
38
26
29
43
6
75
31
103
58
34
50
73
25
4
17
15
67
79
19
22
20
56
23
3
94
45
85
13
21
14
40
7
51
42
30
71
12

product 2:
production rate: 1
#items: 65
item order:
2
9
27
98
48
18
1
10
82
65
53
8
0
5
39
61
37
59
69
104
77
11
33
90
35
112
63
26
29
43
6
75
31
47
58
34
24
50
73
80
25
4
88
17
67
19
22
55
20
56
3
94
16
45
85
13
21
14
40
7
51
42
30
71
12

product 3:
production rate: 1
#items: 65
item order:
2
9
48
18
1
10
53
65
8
0
5
113
39
105
61
37
99
60
69
77
91
11
33
83
63
28
26
29
6
95
75
32
47
58
34
24
50
73
80
25
4
88
17
15
67
19
55
20
56
23
3
16
45
85
36
13
52
21
44
40
7
42
30
71
12

product 4:
production rate: 1
#items: 65
item order:
106
2
9
18
1
10
86
53
65
8
0
5
39
61
37
99
60
69
114
91
11
33
83
78
63
28
26
41
29
6
95
75
32
47
58
34
57
24
50
73
80
25
4
88
17
15
67
19
22
55
20
23
3
16
45
36
52
44
14
7
42
30
71
49
12

product 5:
production rate: 9
#items: 64
item order:
2
81
9
27
66
18
1
10
86
68
8
0
5
89
74
39
92
60
54
11
76
33
83
46
35
78
62
28
38
41
29
6
31
32
47
58
57
24
50
107
25
4
64
100
17
15
19
22
70
55
23
3
16
36
13
52
21
44
14
72
7
96
42
49

product 6:
production rate: 1
#items: 64
item order:
2
81
9
84
27
66
18
1
10
86
68
8
0
5
89
74
39
92
60
54
59
76
33
46
35
78
62
28
38
41
29
43
6
31
32
47
57
24
25
4
64
100
17
15
108
22
70
55
20
23
3
16
36
13
52
21
44
14
72
7
51
96
49
12

product 7:
production rate: 1
#items: 64
item order:
2
81
9
84
27
48
66
1
68
8
0
5
89
74
87
93
60
54
59
11
76
46
35
62
28
97
38
26
41
43
109
6
31
32
34
24
57
4
64
17
15
79
101
19
22
70
20
56
23
3
16
36
13
52
21
44
14
40
72
7
51
30
49
12

