#total items: 280
item ID, weight, frequency
0, 82, 10
1, 1504, 30
2, 1933, 1
3, 1687, 16
4, 2236, 14
5, 1321, 27
6, 2044, 21
7, 1785, 8
8, 1344, 26
9, 1568, 7
10, 1433, 12
11, 1471, 24
12, 435, 29
13, 1677, 19
14, 1827, 3
15, 1129, 19
16, 438, 29
17, 631, 15
18, 568, 10
19, 2223, 20
20, 1660, 10
21, 1632, 14
22, 1191, 26
23, 2040, 3
24, 1299, 21
25, 601, 7
26, 30, 8
27, 1394, 17
28, 101, 7
29, 2441, 10
30, 2380, 11
31, 1445, 30
32, 1700, 14
33, 568, 17
34, 2710, 8
35, 557, 3
36, 501, 7
37, 1789, 18
38, 765, 9
39, 1891, 25
40, 312, 11
41, 662, 1
42, 300, 4
43, 341, 23
44, 523, 6
45, 2673, 21
46, 937, 8
47, 2469, 12
48, 1882, 11
49, 2349, 12
50, 1785, 2
51, 918, 7
52, 134, 9
53, 819, 9
54, 2505, 14
55, 670, 3
56, 2356, 5
57, 773, 6
58, 1994, 26
59, 2012, 23
60, 2095, 30
61, 173, 17
62, 789, 25
63, 957, 4
64, 740, 23
65, 2206, 9
66, 1429, 4
67, 2997, 28
68, 583, 16
69, 302, 21
70, 2125, 16
71, 501, 12
72, 2747, 9
73, 1623, 19
74, 361, 28
75, 2542, 10
76, 314, 18
77, 370, 28
78, 2337, 6
79, 1543, 15
80, 2262, 13
81, 2645, 1
82, 1091, 15
83, 2691, 20
84, 927, 27
85, 1921, 5
86, 363, 8
87, 2820, 20
88, 1941, 18
89, 1940, 2
90, 52, 1
91, 2230, 4
92, 1995, 5
93, 678, 25
94, 2879, 6
95, 930, 13
96, 293, 13
97, 820, 17
98, 641, 3
99, 1755, 20
100, 2125, 5
101, 653, 27
102, 1950, 10
103, 1922, 6
104, 2587, 6
105, 2032, 8
106, 178, 11
107, 2250, 11
108, 2830, 11
109, 2974, 12
110, 2619, 26
111, 2525, 18
112, 733, 26
113, 153, 17
114, 615, 9
115, 1128, 21
116, 1529, 22
117, 2220, 15
118, 2482, 6
119, 888, 3
120, 341, 10
121, 2947, 11
122, 2397, 2
123, 2415, 22
124, 1709, 6
125, 842, 21
126, 529, 20
127, 796, 11
128, 2316, 1
129, 1997, 2
130, 1144, 22
131, 962, 15
132, 905, 29
133, 1327, 10
134, 1216, 28
135, 2851, 26
136, 2293, 6
137, 1322, 26
138, 1368, 29
139, 1029, 8
140, 2945, 23
141, 2873, 19
142, 985, 29
143, 2622, 8
144, 210, 22
145, 1024, 12
146, 369, 10
147, 1340, 3
148, 364, 18
149, 648, 19
150, 2158, 10
151, 1754, 9
152, 648, 11
153, 1579, 20
154, 2861, 23
155, 626, 16
156, 2860, 17
157, 2859, 26
158, 271, 19
159, 194, 11
160, 1491, 30
161, 283, 9
162, 1614, 9
163, 2325, 4
164, 414, 17
165, 1815, 28
166, 1764, 17
167, 2070, 28
168, 1287, 2
169, 2866, 30
170, 277, 9
171, 1098, 3
172, 1349, 23
173, 1960, 4
174, 200, 12
175, 2377, 13
176, 2959, 19
177, 2446, 7
178, 227, 7
179, 2423, 30
180, 2461, 15
181, 92, 21
182, 1306, 16
183, 777, 5
184, 2404, 12
185, 1380, 29
186, 1254, 23
187, 1304, 14
188, 2847, 22
189, 2337, 21
190, 2683, 21
191, 1976, 9
192, 2797, 24
193, 343, 18
194, 1445, 7
195, 498, 4
196, 917, 3
197, 50, 25
198, 1207, 22
199, 1661, 4
200, 1525, 21
201, 1063, 15
202, 2286, 20
203, 2733, 30
204, 2422, 30
205, 51, 9
206, 2198, 28
207, 1863, 14
208, 2313, 17
209, 2580, 5
210, 1160, 12
211, 468, 22
212, 783, 21
213, 68, 26
214, 2023, 19
215, 1212, 9
216, 2858, 8
217, 2650, 2
218, 541, 7
219, 2199, 15
220, 1088, 19
221, 2722, 15
222, 239, 12
223, 435, 15
224, 1863, 21
225, 2085, 28
226, 1847, 10
227, 1318, 13
228, 2607, 11
229, 1814, 19
230, 900, 17
231, 2925, 28
232, 2444, 14
233, 1934, 15
234, 276, 18
235, 203, 27
236, 1035, 5
237, 2706, 19
238, 2098, 12
239, 2180, 19
240, 1380, 30
241, 1606, 2
242, 1307, 24
243, 2709, 17
244, 2955, 17
245, 453, 30
246, 1899, 24
247, 2339, 17
248, 988, 29
249, 621, 4
250, 607, 11
251, 1857, 28
252, 2771, 5
253, 1356, 12
254, 513, 21
255, 2215, 26
256, 2313, 17
257, 190, 15
258, 1611, 20
259, 2413, 10
260, 274, 27
261, 228, 26
262, 1744, 22
263, 744, 25
264, 2085, 1
265, 2988, 27
266, 505, 30
267, 1536, 15
268, 437, 1
269, 795, 28
270, 475, 2
271, 2714, 13
272, 691, 17
273, 727, 25
274, 1506, 30
275, 2191, 16
276, 37, 19
277, 304, 14
278, 1843, 19
279, 2929, 10

#products: 8
product 0:
production rate: 1
#items: 158
item order:
26
276
90
0
28
52
61
106
174
144
158
260
170
96
42
69
40
76
43
120
193
74
86
148
146
77
164
12
268
16
195
36
44
35
18
33
68
25
114
17
98
152
101
41
93
112
64
38
57
212
62
127
53
97
125
119
51
84
46
131
142
236
201
220
82
115
15
130
22
198
168
24
187
182
5
133
8
172
138
240
185
27
66
10
31
11
160
1
9
162
73
21
20
13
3
32
166
50
7
37
14
224
48
85
2
89
88
102
58
92
59
105
23
6
60
70
100
150
206
65
117
19
4
80
136
128
78
49
56
30
122
123
179
29
232
177
54
111
209
104
228
81
45
190
34
203
72
252
108
135
216
156
154
94
140
244
109
67

product 1:
production rate: 26
#items: 158
item order:
26
90
213
0
28
52
61
106
159
261
161
96
42
69
277
40
76
120
43
193
74
86
77
12
16
245
71
36
44
35
33
18
68
25
114
155
17
98
149
101
41
55
93
112
64
57
269
127
53
97
125
119
132
196
51
84
63
145
139
201
82
171
15
130
22
198
24
182
5
137
133
147
8
253
185
27
66
10
31
11
1
116
9
153
241
73
21
20
13
3
32
124
151
7
50
37
229
165
14
48
39
85
2
233
89
88
102
173
58
92
59
105
23
6
167
225
60
100
206
65
117
19
4
80
128
163
78
49
56
175
30
122
204
29
177
180
47
111
209
104
143
81
217
45
190
237
34
221
72
108
188
135
157
169
141
94
109
67

product 2:
production rate: 1
#items: 158
item order:
26
213
0
28
52
113
159
161
96
42
40
76
43
193
77
12
16
270
71
36
254
44
35
33
18
68
25
114
155
17
149
101
41
55
93
64
38
57
183
62
127
97
125
119
132
196
51
84
95
46
63
145
139
201
171
15
130
22
24
5
137
133
147
8
185
27
66
10
31
11
1
116
79
9
153
241
73
21
20
199
13
3
32
124
262
151
99
7
50
229
165
14
278
207
48
39
246
85
103
2
233
89
88
173
191
58
92
129
59
105
23
6
167
225
60
70
100
65
117
19
91
4
107
80
163
49
56
175
30
122
204
29
177
180
47
54
111
75
209
104
143
81
217
83
237
34
221
72
87
108
188
135
157
169
141
121
109
67

product 3:
production rate: 2
#items: 158
item order:
26
0
28
113
61
159
178
222
234
161
96
42
69
40
76
43
77
12
16
71
126
218
35
33
18
25
114
155
17
149
101
41
55
93
64
263
38
57
183
62
127
53
97
119
230
132
196
51
84
95
46
63
145
139
171
15
130
210
22
134
186
24
242
5
137
147
8
27
66
10
194
31
11
1
116
79
9
153
73
21
20
199
13
3
32
124
151
99
7
50
37
165
14
226
207
48
39
85
103
2
89
88
173
191
58
92
129
59
214
105
23
6
167
238
70
100
65
255
19
91
4
107
80
202
163
247
49
56
175
30
122
204
29
180
47
118
54
111
75
104
110
143
81
45
83
34
271
72
87
108
188
135
157
169
141
279
121
67

product 4:
production rate: 1
#items: 157
item order:
26
197
205
90
0
181
28
52
113
61
106
159
178
222
234
161
96
42
69
40
76
74
86
12
16
36
71
44
126
218
33
18
68
25
155
17
98
149
41
55
272
64
38
57
183
62
127
53
119
230
132
84
95
46
63
131
248
145
139
82
171
115
15
210
22
134
186
24
242
5
137
147
8
27
66
10
194
31
11
1
116
79
9
153
21
20
199
13
3
32
124
151
99
50
7
37
165
14
226
207
48
39
103
2
88
102
173
191
58
92
129
214
23
6
167
264
60
238
100
70
65
19
91
4
107
80
202
256
163
189
78
49
56
175
30
123
29
47
118
54
111
75
104
110
143
45
83
34
72
87
108
135
157
169
141
94
121

product 5:
production rate: 67
#items: 157
item order:
26
197
205
90
0
181
28
52
113
61
106
257
174
235
144
178
158
170
96
69
40
76
120
43
74
86
148
146
164
12
223
16
211
36
71
44
126
35
18
33
68
25
249
17
98
152
41
55
273
112
64
38
57
62
53
132
51
84
95
46
63
131
142
82
115
15
22
215
134
186
168
24
227
5
8
172
138
27
10
194
31
11
160
1
200
116
79
9
162
21
20
13
3
32
124
99
166
7
37
14
48
39
103
2
88
102
92
129
59
23
6
60
100
70
150
239
219
65
19
91
4
107
80
202
136
208
128
78
189
49
56
30
184
123
29
47
118
54
75
104
110
45
83
243
72
192
87
108
156
154
94
231
140
121
176
265
67

product 6:
production rate: 1
#items: 157
item order:
26
197
205
90
0
181
28
52
113
61
106
174
235
144
158
170
42
69
40
120
43
74
86
148
146
77
164
223
12
16
211
195
36
71
266
44
126
35
18
68
25
250
17
98
152
101
55
93
112
64
38
62
53
97
125
51
95
46
63
131
142
82
115
15
22
215
134
168
24
187
227
5
133
8
172
138
27
66
10
31
11
160
1
274
200
79
9
258
162
73
21
20
13
3
32
99
166
50
7
37
14
48
39
85
103
2
89
102
58
129
59
105
23
6
60
70
150
239
219
117
19
91
4
107
136
208
128
189
78
56
30
184
123
179
29
47
118
54
75
110
81
45
83
243
34
203
192
87
156
154
94
231
140
121
176
109
67

product 7:
production rate: 1
#items: 157
item order:
26
90
0
28
52
61
106
174
144
158
170
42
69
120
43
74
86
148
146
77
164
12
16
195
36
71
44
126
35
33
18
68
25
114
17
98
152
101
41
55
93
112
38
57
212
62
53
97
125
51
95
46
63
131
142
236
220
82
115
15
130
22
198
134
168
24
187
182
5
133
8
172
138
240
27
66
10
31
11
160
1
200
267
79
9
162
73
21
20
13
3
99
166
50
7
37
14
251
224
39
85
103
2
89
102
58
59
105
23
6
60
70
150
275
206
65
117
19
91
4
107
136
208
128
78
49
30
122
184
259
123
179
29
232
47
118
54
75
228
110
81
45
190
83
34
203
192
87
216
156
154
94
140
244
176
109
67

